------------One Node Dies 1J ----------
LEACH: 1056,200524.0,36.09830870000054,829,157412.0,29.04185930000025,688,130612.0,21.695142200000046,919,174544.0,33.7513935000005,713,135403.0,23.91391700000009,887,168484.0,31.068292100000356,893,169561.0,31.25300300000034,899,170728.0,30.453949100000255,1165,221273.0,41.71169020000072,676,128384.0,22.67098740000005,
RL: 1056,202595.0,51.310783200000934,829,159098.0,43.63136050000067,688,132383.0,37.91013680000044,919,176590.0,40.58519430000058,713,137730.0,33.405821400000285,887,170069.0,44.90880110000062,893,171986.0,40.62165250000063,899,173198.0,38.64880980000044,1165,223681.0,58.57829030000131,676,129634.0,44.160695200000475,
------------One Node Dies 0.05J ----------
LEACH: 73,13813.0,2.584475299999998,71,13423.0,2.2921596999999987,61,11457.0,2.0073150999999987,56,10584.0,1.866262399999999,45,8496.0,1.619124899999999,28,5212.0,0.9480001999999996,61,11477.0,2.0798334999999986,76,14375.0,2.6349292999999974,60,11309.0,1.927789799999999,75,14129.0,2.526704099999999,
RL: 73,13926.0,2.6045921999999977,71,13457.0,2.383447099999999,61,11580.0,2.461157499999999,56,10654.0,2.4250800999999993,45,8648.0,1.921056999999999,28,5309.0,0.9907679,61,11475.0,2.2310093999999987,76,14522.0,2.882354599999998,60,11337.0,2.1859014999999995,75,14143.0,2.611787599999998,
------------All Node Dies 1J----------
LEACH: 9043,641084.0,99.99999999999939,8266,659864.0,99.9999999999994,8481,692961.0,99.9999999999993,8867,631281.0,99.99999999999913,7373,650966.0,99.99999999999942,7923,644543.0,99.99999999999916,8214,627081.0,99.99999999999925,7900,655761.0,99.99999999999933,7851,689577.0,99.99999999999947,8992,642474.0,99.99999999999928,
RL: 1925,277265.0,99.99999999999973,2284,318687.0,99.99999999999993,3963,423106.0,99.99999999999932,3395,467115.0,99.9999999999992,2549,360995.0,99.99999999999919,3403,439039.0,99.99999999999879,2359,342279.0,99.99999999999902,3753,416774.0,99.99999999999959,3526,441800.0,99.99999999999953,2520,366698.0,99.99999999999922,
------------All Node Dies 0.05J----------
LEACH: 427,30901.0,4.999999999999993,384,33259.0,4.999999999999994,356,31298.0,4.999999999999993,378,32182.0,4.99999999999999,417,32326.0,4.999999999999991,524,34500.0,4.999999999999992,449,29767.0,4.999999999999993,407,32207.0,4.999999999999993,408,31704.0,4.999999999999992,445,31126.0,4.999999999999993,
RL: 196,22277.0,4.999999999999993,229,27743.0,4.999999999999995,281,23501.0,4.999999999999993,323,28636.0,4.999999999999996,324,24468.0,4.999999999999996,270,30991.0,4.999999999999995,252,23593.0,4.999999999999998,268,30113.0,4.9999999999999964,361,30203.0,4.999999999999995,290,29494.0,5.0,

--------------------Randomized Energy--------------------
------------One Node Dies---------- 0.1J
LEACH: 2,252.0,0.04174946267009788,2,223.0,0.037938,2,237.0,0.037098617306236474,4,609.0,0.10546562256034608,3,335.0,0.05594070000000004,2,225.0,0.04090251359991832,2,302.0,0.06558849999999998,3,356.0,0.058754501905421176,3,344.0,0.05861417104162659,2,236.0,0.040047300000000015,
RL:1,238.0,0.03978129505450491,2,225.0,0.03897767140248296,1,252.0,0.03946959709841788,3,626.0,0.10959576960553201,3,315.0,0.05168224164989897,1,226.0,0.04100709999999999,2,290.0,0.06336194262239817,2,340.0,0.05621117952143018,2,381.0,0.0650664,2,230.0,0.039374501387271006,
------------All Node Dies---------- 0.1J
LEACH: 639,29509.0,4.605699085010521,693,29002.0,4.81768171745357,743,29472.0,4.736766661346026,543,28406.0,4.734150538087719,526,32851.0,5.166771026521181,619,33815.0,5.401096071880096,685,31630.0,4.818784160535311,484,26346.0,4.490390967193177,811,31284.0,4.817819418970299,626,31328.0,5.201491760928004,
RL: 692,31461.0,4.847152235019513,389,23468.0,5.2407924878906025,456,25379.0,4.92111641731033,487,28284.0,4.691803729169561,208,14591.0,4.338838370802424,650,31605.0,5.406717967088248,650,32827.0,5.041791407908748,381,23688.0,4.942165769741304,461,25419.0,5.251157458857786,365,17083.0,4.538364538905065,

Rewards:
0.6
1
3.4
5
2
3